4d6 1d8 4d6

5 12 12 16 7 12 15 14 20 15 8 13 12 19 11 17 9 13 7 18 15 16 15 13 14 12 15 19 18 18 17 15 10 20 19 10 13 13 11 19 21 15 18 17 14 14 13 13 16 16 11 17 17 12 13 15 8 19 13 10 19 15 9 14 9 11 16 16 18 15 18 20 15 18 16 15 17 16 11 20 11 12 13 15 14 18 17 12 19 13 8 16 11 17 17 12 15 13 16 17 0
8 7 2 2 7 7 7 5 2 8 5 7 7 3 1 5 6 6 1 3 7 7 7 2 3 2 1 2 5 2 7 4 8 1 6 6 7 4 3 1 4 7 7 3 2 7 7 8 4 8 2 3 6 1 4 8 3 5 2 7 6 8 3 6 1 8 4 7 4 6 7 8 5 5 2 6 4 1 6 8 8 7 2 6 8 6 6 2 3 7 1 8 7 3 6 7 3 1 5 7 0
13 19 16 11 13 15 9 20 11 12 11 8 13 15 18 12 15 13 10 14 13 13 12 11 12 16 21 19 9 17 14 16 13 8 13 11 20 12 13 12 17 18 16 11 13 18 15 10 13 10 8 17 9 15 16 16 20 10 14 10 16 18 14 10 17 12 11 18 18 17 13 14 14 12 11 13 9 15 13 10 13 15 20 13 7 18 17 18 16 10 15 14 18 11 14 13 5 18 16 15 0

        dice
average     2       3       4       5
d4  2.5     5       7.5     10      12.5
d6  3.5     7       10.5    14      17.5
d8  4.5     9       13.5    18      22.5
d10 5.5     11      16.5    22      27.5
d12 6.5     13      19.5    26      32.5