ZEOD OBAM GOLD WOWY INSX CKCL BLEP VDKL SAKK FOTA JABA MARU
ZEOD OBAM GOLD WOWY INSX CKCL BLEP VDKL SAKK FOTA JABA MARU

19
ZEOD 33 37 35 35 32 32 36 36 37 38 39 35 34 33
OBAM 43 43 40 43 42 41 42 42 44 45 46 48 46 49
MYTH 21 21 22 21 22 21 22 22 22 21 22 21 22 21
GOLD 22 23 24 23 20 20 23 25 23 21 22 25 25 27
FANT 141 142 144 142 141 140 140 138 137 136 135 137 138 138
WOWY 21 21 22 21 20 21 20 21 22 23 24 23 23 22
INSX 26 27 26 29 30 31 29 32 33 35 35 33 30 32
CKCL 50 50 50 50 49 48 47 45 44 46 45 46 45 45
GEEK 183 183 183 183 183 184 183 182 181 180 181 181 181 181
BLEP 26 26 24 25 26 26 27 29 28 26 25 25 27 25
VDKL 46 45 45 44 43 43 43 42 41 40 40 41 40 40
JOOG 181 181 180 181 181 181 182 183 182 182 183 184 183 182
IMIX 25 25 24 24 25 25 26 26 25 24 25 25 26 27
PNSN 81 83 83 85 86 87 88 88 87 88 90 88 86 86
SUGR 200 200 197 199 195 194 196 192 196 198 200 200 196 198
SAKK 76 77 80 79 76 74 71 67 66 64 65 67 63 62
FOTA 55 55 57 55 55 57 58 57 57 59 61 60 62 61
JABA 26 27 26 27 29 31 34 33 33 36 38 36 36 35
MARU 22 23 22 21 24 26 24 27 24 21 19 17 18 16