121 189 197 224 171 142 146 162 230 175 218 203 139 122 160 187 176 194 191 187 182 217
110 169 197 224 158 138 146 152 217 164 191 174 139 117 154 186 156 168 152 185 149 210

22
6 13 15 4 11 5 15 14 13 2 15 10 6 8 15 17 15 3 8 2 2
17 11 13 3 4 6 19 18 8 5 12 3 7 3 7 3 16 18 4 12 9 8 18 4 5 13 6 12 14 7 10 11 17 3
19 7 12 18 14 15 11 16 3 13 3 4 9 2 6 19 9 12 18 12 15 11 16 7 6 3 15 16 18
9 18 4 19 17 17 14 8 13 15 19 15 17 9 15 4 8 4 14 7 14 10 17 11 15 3 12 11 17 11 8 6 10
5 7 8 18 13 19 13 13 14 11 2 10 13 9 12 8 14 7 16 11 16 12 12 9 3 10 19
14 9 18 18 15 6 16 8 6 10 2 19 19 2 9 13 9 2 2 3 8 16 13 4 9 5
10 14 12 18 8 19 17 7 14 3 3 3 8 12 3 7 12 4 14 5 12 15 5 13 3 2 7 6 9
17 18 5 9 16 11 8 13 17 3 15 19 5 3 11 7 9 3 10 4 7 2 17 11 14 19 11
5 19 9 2 17 12 9 14 4 16 8 2 18 4 19 4 6 10 9 13 11 17 15 16 18 13 7 12 12 17 11 15 16 19 16
11 6 9 14 2 16 14 19 18 13 3 5 4 11 16 13 9 12 10 7 5 15 17 15 12 8 11 9 7 7 4
11 12 12 12 8 7 12 7 19 14 10 3 5 7 14 13 17 4 18 3 18 16 16 11 4 8 19 10 13 3 8 5 14
16 3 5 9 9 4 3 17 6 6 5 18 18 2 3 16 4 2 12 18 11 15 6 10 6 18 12 12 4 6 10 19 8 14
15 17 9 13 3 14 16 2 13 17 4 9 19 4 2 18 14 16 5 4 2 3 15 12 6
3 6 8 15 12 3 13 2 14 14 15 11 15 8 8 17 16 8 2 17
14 13 9 17 14 11 12 6 16 13 8 2 19 3 13 3 14 13 16 9 9 8 5 16
3 12 3 3 10 7 16 3 15 13 15 7 6 2 3 17 8 3 17 10 15 19 5 8 16 13 16 4 16 12 17
5 18 19 13 6 15 15 2 9 10 7 14 11 8 12 18 10 9 8 5 9 11 12 5 5 9 7 19 19 5 17 5 3
16 8 12 11 8 19 2 13 14 11 2 6 9 11 13 16 15 3 8 7 6 11 15 12 11 14 15 8 17 17 5 14 5
6 11 15 6 5 9 16 5 13 6 15 7 2 10 8 9 16 13 18 11 6 10 6 2 16 4 18 19 16 3 15 2
11 7 17 18 3 3 12 7 16 17 8 7 6 15 3 18 14 12 5 4 17 5 18 19 3 18 15 5 14 16
5 3 15 3 5 16 13 10 13 11 17 18 16 12 19 15 6 12 18 8 9 3 7 9 5 6 4 9 18 19 6 3 3
5 6 16 16 14 9 8 12 7 5 4 7 18 9 18 16 16 7 18 3 14 4 8 17 11 6 17 16 7 18 15 10 4 12 7